Histograms of type=blurry_sample
-------------------------------
sample_80/blurry_sample/sample_blurry_sample1.jpg
   0	 ***
   1	 
   2	 
   3	 
   4	 
   5	 
   6	 
   7	 
   8	 
   9	 ***********
  10	 ****
  11	 *
  12	 *
  13	 *********************
  14	 ******
  15	 
[3, 0, 0, 0, 0, 0, 0, 0, 0, 11, 4, 1, 1, 21, 6, 0]
-------------------------------


sample_80/blurry_sample/sample_blurry_sample31.jpg
   0	 ***
   1	 
   2	 
   3	 
   4	 
   5	 
   6	 
   7	 
   8	 **
   9	 ********
  10	 ****
  11	 ***
  12	 *****
  13	 ***********
  14	 ***********
  15	 
[3, 0, 0, 0, 0, 0, 0, 0, 2, 8, 4, 3, 5, 11, 11, 0]
-------------------------------


sample_80/blurry_sample/sample_blurry_sample61.jpg
   0	 ***
   1	 
   2	 
   3	 
   4	 
   5	 
   6	 
   7	 
   8	 
   9	 ********
  10	 ****
  11	 ***
  12	 ******
  13	 ****************
  14	 *******
  15	 
[3, 0, 0, 0, 0, 0, 0, 0, 0, 8, 4, 3, 6, 16, 7, 0]
-------------------------------


sample_80/blurry_sample/sample_blurry_sample91.jpg
   0	 ***
   1	 
   2	 
   3	 
   4	 
   5	 
   6	 
   7	 
   8	 
   9	 *****
  10	 *****
  11	 *****
  12	 *******
  13	 *****************
  14	 *****
  15	 
[3, 0, 0, 0, 0, 0, 0, 0, 0, 5, 5, 5, 7, 17, 5, 0]
-------------------------------


sample_80/blurry_sample/sample_blurry_sample121.jpg
   0	 ***
   1	 
   2	 
   3	 
   4	 
   5	 
   6	 
   7	 
   8	 **
   9	 ********
  10	 ****
  11	 **
  12	 ****
  13	 **********
  14	 **************
  15	 
[3, 0, 0, 0, 0, 0, 0, 0, 2, 8, 4, 2, 4, 10, 14, 0]
-------------------------------


sample_80/blurry_sample/sample_blurry_sample151.jpg
   0	 ***
   1	 
   2	 
   3	 
   4	 
   5	 
   6	 
   7	 
   8	 
   9	 *
  10	 ******
  11	 *******
  12	 ********
  13	 *******************
  14	 ***
  15	 
[3, 0, 0, 0, 0, 0, 0, 0, 0, 1, 6, 7, 8, 19, 3, 0]
-------------------------------


sample_80/blurry_sample/sample_blurry_sample181.jpg
   0	 ***
   1	 
   2	 
   3	 
   4	 
   5	 
   6	 
   7	 
   8	 *
   9	 *******
  10	 ****
  11	 ***
  12	 ****
  13	 ************
  14	 **************
  15	 
[3, 0, 0, 0, 0, 0, 0, 0, 1, 7, 4, 3, 4, 12, 14, 0]
-------------------------------


sample_80/blurry_sample/sample_blurry_sample211.jpg
   0	 ***
   1	 
   2	 
   3	 
   4	 
   5	 
   6	 
   7	 
   8	 **
   9	 ******
  10	 *******
  11	 ****
  12	 ***
  13	 ********
  14	 **************
  15	 **
[3, 0, 0, 0, 0, 0, 0, 0, 2, 6, 7, 4, 3, 8, 14, 2]
-------------------------------


sample_80/blurry_sample/sample_blurry_sample241.jpg
   0	 ***
   1	 
   2	 
   3	 
   4	 
   5	 
   6	 
   7	 
   8	 *
   9	 *******
  10	 ********
  11	 ***
  12	 ***
  13	 ********
  14	 *************
  15	 *
[3, 0, 0, 0, 0, 0, 0, 0, 1, 7, 8, 3, 3, 8, 13, 1]
-------------------------------


sample_80/blurry_sample/sample_blurry_sample271.jpg
   0	 ***
   1	 
   2	 
   3	 
   4	 
   5	 
   6	 
   7	 
   8	 **
   9	 ********
  10	 ******
  11	 **
  12	 *
  13	 *******
  14	 ***************
  15	 **
[3, 0, 0, 0, 0, 0, 0, 0, 2, 8, 6, 2, 1, 7, 15, 2]
-------------------------------


sample_80/blurry_sample/sample_blurry_sample301.jpg
   0	 ***
   1	 
   2	 
   3	 
   4	 
   5	 
   6	 
   7	 
   8	 *
   9	 ***
  10	 ******
  11	 *******
  12	 ********
  13	 ********
  14	 **********
  15	 *
[3, 0, 0, 0, 0, 0, 0, 0, 1, 3, 6, 7, 8, 8, 10, 1]
-------------------------------


sample_80/blurry_sample/sample_blurry_sample331.jpg
   0	 ***
   1	 
   2	 
   3	 
   4	 
   5	 
   6	 
   7	 
   8	 **
   9	 *******
  10	 ********
  11	 ***
  12	 ***
  13	 ******
  14	 **************
  15	 *
[3, 0, 0, 0, 0, 0, 0, 0, 2, 7, 8, 3, 3, 6, 14, 1]
-------------------------------


sample_80/blurry_sample/sample_blurry_sample361.jpg
   0	 ***
   1	 
   2	 
   3	 
   4	 
   5	 
   6	 
   7	 
   8	 *
   9	 ******
  10	 *********
  11	 ****
  12	 ****
  13	 ********
  14	 ***********
  15	 *
[3, 0, 0, 0, 0, 0, 0, 0, 1, 6, 9, 4, 4, 8, 11, 1]
-------------------------------


sample_80/blurry_sample/sample_blurry_sample391.jpg
   0	 ***
   1	 
   2	 
   3	 
   4	 
   5	 
   6	 
   7	 
   8	 
   9	 ***
  10	 ******
  11	 *******
  12	 *******
  13	 ********
  14	 **********
  15	 **
[3, 0, 0, 0, 0, 0, 0, 0, 0, 3, 6, 7, 7, 8, 10, 2]
-------------------------------


sample_80/blurry_sample/sample_blurry_sample421.jpg
   0	 ***
   1	 
   2	 
   3	 
   4	 
   5	 
   6	 
   7	 
   8	 
   9	 
  10	 *******
  11	 ****
  12	 *****
  13	 *****
  14	 ***************
  15	 ********
[3, 0, 0, 0, 0, 0, 0, 0, 0, 0, 7, 4, 5, 5, 15, 8]
-------------------------------


sample_80/blurry_sample/sample_blurry_sample451.jpg
   0	 ***
   1	 
   2	 
   3	 
   4	 
   5	 
   6	 
   7	 
   8	 
   9	 
  10	 **
  11	 **
  12	 ***************
  13	 ***********
  14	 *********
  15	 ******
[3, 0, 0, 0, 0, 0, 0, 0, 0, 0, 2, 2, 15, 11, 9, 6]
-------------------------------


sample_80/blurry_sample/sample_blurry_sample481.jpg
   0	 ***
   1	 
   2	 
   3	 
   4	 
   5	 
   6	 
   7	 
   8	 
   9	 
  10	 *****
  11	 ******
  12	 *****
  13	 ********
  14	 ****************
  15	 ****
[3, 0, 0, 0, 0, 0, 0, 0, 0, 0, 5, 6, 5, 8, 16, 4]
-------------------------------


sample_80/blurry_sample/sample_blurry_sample511.jpg
   0	 ***
   1	 
   2	 
   3	 
   4	 
   5	 
   6	 
   7	 
   8	 
   9	 
  10	 *****
  11	 *****
  12	 ***
  13	 ****
  14	 ***********
  15	 *****************
[3, 0, 0, 0, 0, 0, 0, 0, 0, 0, 5, 5, 3, 4, 11, 17]
-------------------------------


sample_80/blurry_sample/sample_blurry_sample541.jpg
   0	 ***
   1	 
   2	 
   3	 
   4	 
   5	 
   6	 
   7	 
   8	 
   9	 
  10	 *****
  11	 *****
  12	 **
  13	 ****
  14	 **********
  15	 ******************
[3, 0, 0, 0, 0, 0, 0, 0, 0, 0, 5, 5, 2, 4, 10, 18]
-------------------------------


sample_80/blurry_sample/sample_blurry_sample571.jpg
   0	 ***
   1	 
   2	 
   3	 
   4	 
   5	 
   6	 
   7	 
   8	 
   9	 **
  10	 **********
  11	 ***
  12	 **
  13	 ***
  14	 *************
  15	 ************
[3, 0, 0, 0, 0, 0, 0, 0, 0, 2, 10, 3, 2, 3, 13, 12]
-------------------------------


[7, 7, 7, 7, 7, 7, 8, 8, 8, 8, 8, 9, 9, 9, 9, 9, 9, 9, 9, 9]
