Histograms of type=nostick_sample
-------------------------------
sample_80/nostick_sample/sample_nostick_sample1.jpg
   0	 ***************************************************************
   1	 
   2	 
   3	 
   4	 
   5	 
   6	 
   7	 
   8	 *
   9	 
  10	 
  11	 ************************************************************
  12	 
  13	 
  14	 **
  15	 **********************************************************************************************************************************************************************************************************************************************************************************************************************************************************************************************************************************************************************************************************************************************************************************************************************************************************************************************************************************************************************************************************************************************************************************************************************************
[63, 0, 0, 0, 0, 0, 0, 0, 1, 0, 0, 60, 0, 0, 2, 898]
-------------------------------


sample_80/nostick_sample/sample_nostick_sample31.jpg
   0	 ***************************************************************
   1	 
   2	 
   3	 
   4	 
   5	 
   6	 
   7	 
   8	 *
   9	 
  10	 
  11	 ************************************************************
  12	 
  13	 
  14	 *
  15	 ***********************************************************************************************************************************************************************************************************************************************************************************************************************************************************************************************************************************************************************************************************************************************************************************************************************************************************************************************************************************************************************************************************************************************************************************************************************************
[63, 0, 0, 0, 0, 0, 0, 0, 1, 0, 0, 60, 0, 0, 1, 899]
-------------------------------


sample_80/nostick_sample/sample_nostick_sample61.jpg
   0	 ***************************************************************
   1	 
   2	 
   3	 
   4	 
   5	 
   6	 
   7	 *
   8	 
   9	 ****
  10	 *******************************************************
  11	 *
  12	 *****************
  13	 *************************************************************************************************************************************************************************************************************************************************************************************************************************************************************************************************************************************************************************************************************************************************************************************************************************************************************
  14	 ******************************************************************************************************************************************************************************************************************************************************
  15	 
[63, 0, 0, 0, 0, 0, 0, 1, 0, 4, 55, 1, 17, 637, 246, 0]
-------------------------------


sample_80/nostick_sample/sample_nostick_sample91.jpg
   0	 ***************************************************************
   1	 
   2	 
   3	 
   4	 
   5	 
   6	 
   7	 *
   8	 
   9	 ******************
  10	 *************************
  11	 *****************
  12	 ******************************************************************************************************
  13	 ************************************************************************************************************************************************************************************************************************************************************************************************************************************************************************************************************************************************************************************************************************************************************
  14	 ************************************************************************************************************************************************************************************************************************************************************
  15	 ******
[63, 0, 0, 0, 0, 0, 0, 1, 0, 18, 25, 17, 102, 540, 252, 6]
-------------------------------


sample_80/nostick_sample/sample_nostick_sample121.jpg
   0	 ***************************************************************
   1	 
   2	 
   3	 
   4	 
   5	 
   6	 
   7	 *
   8	 
   9	 *******************
  10	 ************************************
  11	 *****
  12	 ************************************************************************************************************
  13	 **************************************************************************************************************************************************************************************************************************************************************************************************************************************************************************************************************************************************************************************************************************************************************************
  14	 *******************************************************************************************************************************************************************************************************************************************
  15	 ***
[63, 0, 0, 0, 0, 0, 0, 1, 0, 19, 36, 5, 108, 554, 235, 3]
-------------------------------


sample_80/nostick_sample/sample_nostick_sample151.jpg
   0	 ***************************************************************
   1	 
   2	 
   3	 
   4	 
   5	 
   6	 
   7	 
   8	 *
   9	 
  10	 
  11	 ************************************************************
  12	 
  13	 
  14	 ***********
  15	 *************************************************************************************************************************************************************************************************************************************************************************************************************************************************************************************************************************************************************************************************************************************************************************************************************************************************************************************************************************************************************************************************************************************************************************************************************************
[63, 0, 0, 0, 0, 0, 0, 0, 1, 0, 0, 60, 0, 0, 11, 889]
-------------------------------


sample_80/nostick_sample/sample_nostick_sample181.jpg
   0	 ***************************************************************
   1	 
   2	 
   3	 
   4	 
   5	 
   6	 
   7	 
   8	 *
   9	 **************************
  10	 **********************************
  11	 **************
  12	 ***********************************************************************************************************************************************************************************************************************************************************************************************************************************
  13	 *************************************************************************************************************************************************************************************************************************************************************************************************************************************************************************************************************************************************************************************************************************************************
  14	 **********************************
  15	 
[63, 0, 0, 0, 0, 0, 0, 0, 1, 26, 34, 14, 323, 529, 34, 0]
-------------------------------


sample_80/nostick_sample/sample_nostick_sample211.jpg
   0	 ***************************************************************
   1	 
   2	 
   3	 
   4	 
   5	 
   6	 *
   7	 *****
   8	 *******************************************************
   9	 *******************
  10	 **********************************************************************************************************************************************************************************************************************************************************************************************************************************************************************************************************************************************************************************************************************************************
  11	 *******************************************************************************************************************************************************************************************************************************************************************************************************************************************************************
  12	 
  13	 
  14	 
  15	 
[63, 0, 0, 0, 0, 0, 1, 5, 55, 19, 526, 355, 0, 0, 0, 0]
-------------------------------


sample_80/nostick_sample/sample_nostick_sample241.jpg
   0	 ***************************************************************
   1	 
   2	 
   3	 
   4	 
   5	 
   6	 
   7	 *
   8	 *
   9	 **************************************************
  10	 *********
  11	 ****************
  12	 ************************************************************************************************************************************************************************************************************************************************************************************************************************************************************************************************************************************************************************************************************************************************************************************************************************************************************************************************
  13	 ********************************************************************************************************************************************************************************************************************
  14	 
  15	 
[63, 0, 0, 0, 0, 0, 0, 1, 1, 50, 9, 16, 672, 212, 0, 0]
-------------------------------


sample_80/nostick_sample/sample_nostick_sample271.jpg
   0	 ***************************************************************
   1	 
   2	 
   3	 
   4	 
   5	 
   6	 
   7	 
   8	 *
   9	 *********
  10	 **************
  11	 *************************************
  12	 **********
  13	 ******************************************************************************************************************************************************************************************************************************************************************************************************************************************************
  14	 *****************************************************************************************************************************************************************************************************************************************************************************************************************************************
  15	 ***************************************************************************************************************************************************************************************************************************
[63, 0, 0, 0, 0, 0, 0, 0, 1, 9, 14, 37, 10, 342, 329, 219]
-------------------------------


sample_80/nostick_sample/sample_nostick_sample301.jpg
   0	 ***************************************************************
   1	 
   2	 
   3	 
   4	 
   5	 
   6	 
   7	 
   8	 *
   9	 
  10	 **********
  11	 **************************************************
  12	 *
  13	 **********************************************
  14	 ************************************************************************************************************************************************************************************************************************************************************************************************************************************************************************************************************
  15	 *************************************************************************************************************************************************************************************************************************************************************************************************************************************************************************************************************************************************************************
[63, 0, 0, 0, 0, 0, 0, 0, 1, 0, 10, 50, 1, 46, 396, 457]
-------------------------------


sample_80/nostick_sample/sample_nostick_sample331.jpg
   0	 ***************************************************************
   1	 
   2	 
   3	 
   4	 
   5	 
   6	 
   7	 
   8	 *
   9	 *
  10	 ******
  11	 *****************************************************
  12	 *
  13	 ***************************************
  14	 *******************************************************************************************************************************************************************************************************************************************************************************************************************************************************************************************************
  15	 *************************************************************************************************************************************************************************************************************************************************************************************************************************************************************************************************************************************************************************************
[63, 0, 0, 0, 0, 0, 0, 0, 1, 1, 6, 53, 1, 39, 391, 469]
-------------------------------


sample_80/nostick_sample/sample_nostick_sample361.jpg
   0	 ***************************************************************
   1	 
   2	 
   3	 
   4	 
   5	 
   6	 *
   7	 
   8	 **********************
   9	 **************************************
  10	 ***********************************
  11	 **************************************************************************************************************************************************************************************************************************************************************************************************************************************************************************************************************************************************************************************************************************************************************************************************
  12	 *********************************************************************************************************************************************************************************************************************************************************************************************
  13	 **
  14	 
  15	 
[63, 0, 0, 0, 0, 0, 1, 0, 22, 38, 35, 578, 285, 2, 0, 0]
-------------------------------


sample_80/nostick_sample/sample_nostick_sample391.jpg
   0	 ***************************************************************
   1	 
   2	 
   3	 
   4	 *
   5	 *******
   6	 ****************************************************
   7	 ********************************************************************************************************************************************************************************************************************************************************************************************
   8	 ****************************************************************************************************************************************************************************************************************************************************************************************************************************************************************************************************************************************************************************************************************************************************************************************************************************************
   9	 *
  10	 
  11	 
  12	 
  13	 
  14	 
  15	 
[63, 0, 0, 0, 1, 7, 52, 284, 616, 1, 0, 0, 0, 0, 0, 0]
-------------------------------


sample_80/nostick_sample/sample_nostick_sample421.jpg
   0	 ***************************************************************
   1	 
   2	 
   3	 
   4	 
   5	 
   6	 *
   7	 
   8	 ***
   9	 *******************************************************
  10	 **
  11	 **********************************************************************************************
  12	 ************************************************************************************************************************************************************************************************************************************************************************************************************************************************************************************************************************************************************************************************************************************************************************************************************************************************************************************************************************************************************************
  13	 **************************************************************
  14	 
  15	 
[63, 0, 0, 0, 0, 0, 1, 0, 3, 55, 2, 94, 744, 62, 0, 0]
-------------------------------


sample_80/nostick_sample/sample_nostick_sample451.jpg
   0	 ***************************************************************
   1	 
   2	 
   3	 
   4	 
   5	 
   6	 *
   7	 
   8	 ****************************
   9	 ********************************
  10	 
  11	 ********************************************************************************************************************************************************************************************************************************************************
  12	 ******************************************************************************************************************************************************************************************************************************************************************************************************************************************************************************************************************************************************************************************************************************************************************************************************************************************************************
  13	 **********
  14	 
  15	 
[63, 0, 0, 0, 0, 0, 1, 0, 28, 32, 0, 248, 642, 10, 0, 0]
-------------------------------


sample_80/nostick_sample/sample_nostick_sample481.jpg
   0	 ***************************************************************
   1	 
   2	 
   3	 
   4	 
   5	 
   6	 
   7	 *
   8	 
   9	 ****
  10	 *********************************
  11	 ***********************
  12	 
  13	 **************************
  14	 ****************************************************************************************************************************************************************************************************************************************************************************************************************************************************************************************************************************************************************
  15	 ******************************************************************************************************************************************************************************************************************************************************************************************************************************************************************************************************************************************
[63, 0, 0, 0, 0, 0, 0, 1, 0, 4, 33, 23, 0, 26, 448, 426]
-------------------------------


sample_80/nostick_sample/sample_nostick_sample511.jpg
   0	 ***************************************************************
   1	 
   2	 
   3	 
   4	 
   5	 
   6	 *
   7	 ***
   8	 **************************************************
   9	 **
  10	 ****************************************************************************************************************************************************************************************************************
  11	 **********************************************************************************************************************************************************************************************************************************************************************************************************************************************************************************************************************************************************************************************************************************************
  12	 ***********************
  13	 *********************************************
  14	 *******************************************************************************************************
  15	 
[63, 0, 0, 0, 0, 0, 1, 3, 50, 2, 208, 526, 23, 45, 103, 0]
-------------------------------


sample_80/nostick_sample/sample_nostick_sample541.jpg
   0	 ***************************************************************
   1	 
   2	 
   3	 
   4	 
   5	 
   6	 *
   7	 **
   8	 ************************************************
   9	 ***
  10	 ***************************************************************************************************************************************************************************************************
  11	 ****************************************************************************************************************************************************************************************************************************************************************************************************************************************************************************************************************************************************************************************************************************************************
  12	 *********************
  13	 ****************************************
  14	 ****************************************************************************************************************
  15	 *******
[63, 0, 0, 0, 0, 0, 1, 2, 48, 3, 195, 532, 21, 40, 112, 7]
-------------------------------


sample_80/nostick_sample/sample_nostick_sample571.jpg
   0	 ***************************************************************
   1	 
   2	 
   3	 
   4	 
   5	 
   6	 
   7	 *
   8	 *************
   9	 ********************************************
  10	 ****
  11	 ****************************************************************************************************************************************************************************************************************************************************************************************************************************************************************************
  12	 ***************************************************************************************************************************************************************************************************************************************************************************************************************************************************************************************************************************************************************************************************************************************
  13	 ****************
  14	 
  15	 
[63, 0, 0, 0, 0, 0, 0, 1, 13, 44, 4, 364, 519, 16, 0, 0]
-------------------------------


[5, 6, 7, 7, 7, 7, 8, 8, 8, 8, 8, 8, 8, 8, 9, 9, 9, 11, 11, 11]
