Histograms of type=nostick_sample
-------------------------------
sample_80/nostick_sample/sample_nostick_sample1.jpg
   0	 *******************************
   1	 
   2	 
   3	 
   4	 
   5	 
   6	 
   7	 
   8	 
   9	 
  10	 
  11	 ******************************
  12	 
  13	 
  14	 *
  15	 *****************************************************************************************************************************************************************************************************************************************************************************************************************************************************************************************************************************************************************
[31, 0, 0, 0, 0, 0, 0, 0, 0, 0, 0, 30, 0, 0, 1, 449]
-------------------------------


sample_80/nostick_sample/sample_nostick_sample31.jpg
   0	 *******************************
   1	 
   2	 
   3	 
   4	 
   5	 
   6	 
   7	 
   8	 
   9	 
  10	 
  11	 ******************************
  12	 
  13	 
  14	 
  15	 *****************************************************************************************************************************************************************************************************************************************************************************************************************************************************************************************************************************************************************
[31, 0, 0, 0, 0, 0, 0, 0, 0, 0, 0, 30, 0, 0, 0, 449]
-------------------------------


sample_80/nostick_sample/sample_nostick_sample61.jpg
   0	 *******************************
   1	 
   2	 
   3	 
   4	 
   5	 
   6	 
   7	 
   8	 
   9	 **
  10	 ***************************
  11	 
  12	 ********
  13	 ******************************************************************************************************************************************************************************************************************************************************************************************************************************
  14	 ***************************************************************************************************************************
  15	 
[31, 0, 0, 0, 0, 0, 0, 0, 0, 2, 27, 0, 8, 318, 123, 0]
-------------------------------


sample_80/nostick_sample/sample_nostick_sample91.jpg
   0	 *******************************
   1	 
   2	 
   3	 
   4	 
   5	 
   6	 
   7	 
   8	 
   9	 *********
  10	 ************
  11	 ********
  12	 ***************************************************
  13	 ******************************************************************************************************************************************************************************************************************************************************************************
  14	 ******************************************************************************************************************************
  15	 ***
[31, 0, 0, 0, 0, 0, 0, 0, 0, 9, 12, 8, 51, 270, 126, 3]
-------------------------------


sample_80/nostick_sample/sample_nostick_sample121.jpg
   0	 *******************************
   1	 
   2	 
   3	 
   4	 
   5	 
   6	 
   7	 
   8	 
   9	 *********
  10	 ******************
  11	 **
  12	 ******************************************************
  13	 *************************************************************************************************************************************************************************************************************************************************************************************
  14	 *********************************************************************************************************************
  15	 *
[31, 0, 0, 0, 0, 0, 0, 0, 0, 9, 18, 2, 54, 277, 117, 1]
-------------------------------


sample_80/nostick_sample/sample_nostick_sample151.jpg
   0	 *******************************
   1	 
   2	 
   3	 
   4	 
   5	 
   6	 
   7	 
   8	 
   9	 
  10	 
  11	 ******************************
  12	 
  13	 
  14	 *****
  15	 ************************************************************************************************************************************************************************************************************************************************************************************************************************************************************************************************************************************************************
[31, 0, 0, 0, 0, 0, 0, 0, 0, 0, 0, 30, 0, 0, 5, 444]
-------------------------------


sample_80/nostick_sample/sample_nostick_sample181.jpg
   0	 *******************************
   1	 
   2	 
   3	 
   4	 
   5	 
   6	 
   7	 
   8	 
   9	 *************
  10	 *****************
  11	 *******
  12	 *****************************************************************************************************************************************************************
  13	 ************************************************************************************************************************************************************************************************************************************************************************
  14	 *****************
  15	 
[31, 0, 0, 0, 0, 0, 0, 0, 0, 13, 17, 7, 161, 264, 17, 0]
-------------------------------


sample_80/nostick_sample/sample_nostick_sample211.jpg
   0	 *******************************
   1	 
   2	 
   3	 
   4	 
   5	 
   6	 
   7	 **
   8	 ***************************
   9	 *********
  10	 ***********************************************************************************************************************************************************************************************************************************************************************
  11	 *********************************************************************************************************************************************************************************
  12	 
  13	 
  14	 
  15	 
[31, 0, 0, 0, 0, 0, 0, 2, 27, 9, 263, 177, 0, 0, 0, 0]
-------------------------------


sample_80/nostick_sample/sample_nostick_sample241.jpg
   0	 *******************************
   1	 
   2	 
   3	 
   4	 
   5	 
   6	 
   7	 
   8	 
   9	 *************************
  10	 ****
  11	 ********
  12	 ************************************************************************************************************************************************************************************************************************************************************************************************************************************************
  13	 **********************************************************************************************************
  14	 
  15	 
[31, 0, 0, 0, 0, 0, 0, 0, 0, 25, 4, 8, 336, 106, 0, 0]
-------------------------------


sample_80/nostick_sample/sample_nostick_sample271.jpg
   0	 *******************************
   1	 
   2	 
   3	 
   4	 
   5	 
   6	 
   7	 
   8	 
   9	 ****
  10	 *******
  11	 ******************
  12	 *****
  13	 ***************************************************************************************************************************************************************************
  14	 ********************************************************************************************************************************************************************
  15	 *************************************************************************************************************
[31, 0, 0, 0, 0, 0, 0, 0, 0, 4, 7, 18, 5, 171, 164, 109]
-------------------------------


sample_80/nostick_sample/sample_nostick_sample301.jpg
   0	 *******************************
   1	 
   2	 
   3	 
   4	 
   5	 
   6	 
   7	 
   8	 
   9	 
  10	 *****
  11	 *************************
  12	 
  13	 ***********************
  14	 ******************************************************************************************************************************************************************************************************
  15	 ************************************************************************************************************************************************************************************************************************************
[31, 0, 0, 0, 0, 0, 0, 0, 0, 0, 5, 25, 0, 23, 198, 228]
-------------------------------


sample_80/nostick_sample/sample_nostick_sample331.jpg
   0	 *******************************
   1	 
   2	 
   3	 
   4	 
   5	 
   6	 
   7	 
   8	 
   9	 
  10	 ***
  11	 **************************
  12	 
  13	 *******************
  14	 ***************************************************************************************************************************************************************************************************
  15	 ******************************************************************************************************************************************************************************************************************************************
[31, 0, 0, 0, 0, 0, 0, 0, 0, 0, 3, 26, 0, 19, 195, 234]
-------------------------------


sample_80/nostick_sample/sample_nostick_sample361.jpg
   0	 *******************************
   1	 
   2	 
   3	 
   4	 
   5	 
   6	 
   7	 
   8	 ***********
   9	 *******************
  10	 *****************
  11	 *************************************************************************************************************************************************************************************************************************************************************************************************
  12	 **********************************************************************************************************************************************
  13	 *
  14	 
  15	 
[31, 0, 0, 0, 0, 0, 0, 0, 11, 19, 17, 289, 142, 1, 0, 0]
-------------------------------


sample_80/nostick_sample/sample_nostick_sample391.jpg
   0	 *******************************
   1	 
   2	 
   3	 
   4	 
   5	 ***
   6	 **************************
   7	 **********************************************************************************************************************************************
   8	 ********************************************************************************************************************************************************************************************************************************************************************************************************************
   9	 
  10	 
  11	 
  12	 
  13	 
  14	 
  15	 
[31, 0, 0, 0, 0, 3, 26, 142, 308, 0, 0, 0, 0, 0, 0, 0]
-------------------------------


sample_80/nostick_sample/sample_nostick_sample421.jpg
   0	 *******************************
   1	 
   2	 
   3	 
   4	 
   5	 
   6	 
   7	 
   8	 *
   9	 ***************************
  10	 *
  11	 ***********************************************
  12	 ************************************************************************************************************************************************************************************************************************************************************************************************************************************************************************************
  13	 *******************************
  14	 
  15	 
[31, 0, 0, 0, 0, 0, 0, 0, 1, 27, 1, 47, 372, 31, 0, 0]
-------------------------------


sample_80/nostick_sample/sample_nostick_sample451.jpg
   0	 *******************************
   1	 
   2	 
   3	 
   4	 
   5	 
   6	 
   7	 
   8	 **************
   9	 ****************
  10	 
  11	 ****************************************************************************************************************************
  12	 *********************************************************************************************************************************************************************************************************************************************************************************************************************************
  13	 *****
  14	 
  15	 
[31, 0, 0, 0, 0, 0, 0, 0, 14, 16, 0, 124, 321, 5, 0, 0]
-------------------------------


sample_80/nostick_sample/sample_nostick_sample481.jpg
   0	 *******************************
   1	 
   2	 
   3	 
   4	 
   5	 
   6	 
   7	 
   8	 
   9	 **
  10	 ****************
  11	 ***********
  12	 
  13	 *************
  14	 ********************************************************************************************************************************************************************************************************************************
  15	 *********************************************************************************************************************************************************************************************************************
[31, 0, 0, 0, 0, 0, 0, 0, 0, 2, 16, 11, 0, 13, 224, 213]
-------------------------------


sample_80/nostick_sample/sample_nostick_sample511.jpg
   0	 *******************************
   1	 
   2	 
   3	 
   4	 
   5	 
   6	 
   7	 *
   8	 *************************
   9	 *
  10	 ********************************************************************************************************
  11	 ***********************************************************************************************************************************************************************************************************************************************************************
  12	 ***********
  13	 **********************
  14	 ***************************************************
  15	 
[31, 0, 0, 0, 0, 0, 0, 1, 25, 1, 104, 263, 11, 22, 51, 0]
-------------------------------


sample_80/nostick_sample/sample_nostick_sample541.jpg
   0	 *******************************
   1	 
   2	 
   3	 
   4	 
   5	 
   6	 
   7	 *
   8	 ************************
   9	 *
  10	 *************************************************************************************************
  11	 **************************************************************************************************************************************************************************************************************************************************************************
  12	 **********
  13	 ********************
  14	 ********************************************************
  15	 ***
[31, 0, 0, 0, 0, 0, 0, 1, 24, 1, 97, 266, 10, 20, 56, 3]
-------------------------------


sample_80/nostick_sample/sample_nostick_sample571.jpg
   0	 *******************************
   1	 
   2	 
   3	 
   4	 
   5	 
   6	 
   7	 
   8	 ******
   9	 **********************
  10	 **
  11	 **************************************************************************************************************************************************************************************
  12	 *******************************************************************************************************************************************************************************************************************************************************************
  13	 ********
  14	 
  15	 
[31, 0, 0, 0, 0, 0, 0, 0, 6, 22, 2, 182, 259, 8, 0, 0]
-------------------------------


[6, 7, 8, 8, 8, 9, 9, 9, 9, 9, 10, 10, 10, 10, 10, 10, 11, 12, 12, 13]
